id,companyId,serviceTypeId,status,isRequest
